+---------+----------+------------+
|   Epoch |     Loss |   Accuracy |
+=========+==========+============+
|       1 | 9.32228  |     2.1266 |
+---------+----------+------------+
|       2 | 7.35519  |     2.0586 |
+---------+----------+------------+
|       3 | 6.37738  |     1.9294 |
+---------+----------+------------+
|       4 | 6.18825  |     1.7746 |
+---------+----------+------------+
|       5 | 4.23968  |     1.4885 |
+---------+----------+------------+
|       6 | 3.44551  |     1.5157 |
+---------+----------+------------+
|       7 | 3.00412  |     1.0984 |
+---------+----------+------------+
|       8 | 2.19216  |     0.9909 |
+---------+----------+------------+
|       9 | 2.50366  |     1.1419 |
+---------+----------+------------+
|      10 | 1.94096  |     1.1023 |
+---------+----------+------------+
|      11 | 1.82559  |     0.8419 |
+---------+----------+------------+
|      12 | 1.38376  |     0.7923 |
+---------+----------+------------+
|      13 | 1.42837  |     1.0014 |
+---------+----------+------------+
|      14 | 1.37894  |     0.7349 |
+---------+----------+------------+
|      15 | 1.11526  |     0.7834 |
+---------+----------+------------+
|      16 | 1.05101  |     0.6342 |
+---------+----------+------------+
|      17 | 0.813518 |     0.7348 |
+---------+----------+------------+
|      18 | 0.6917   |     0.5463 |
+---------+----------+------------+
|      19 | 0.581999 |     0.5676 |
+---------+----------+------------+
|      20 | 0.60672  |     0.5267 |
+---------+----------+------------+
|      21 | 0.540279 |     0.5285 |
+---------+----------+------------+
|      22 | 0.361773 |     0.3873 |
+---------+----------+------------+
|      23 | 0.347079 |     0.4752 |
+---------+----------+------------+
|      24 | 0.390879 |     0.4428 |
+---------+----------+------------+
|      25 | 0.284493 |     0.3623 |
+---------+----------+------------+