+---------+----------+------------+
|   Epoch |     Loss |   Accuracy |
+=========+==========+============+
|       1 | 31.6651  |     4.652  |
+---------+----------+------------+
|       2 | 24.1789  |     3.4775 |
+---------+----------+------------+
|       3 | 13.123   |     2.2351 |
+---------+----------+------------+
|       4 |  7.27717 |     2.1656 |
+---------+----------+------------+
|       5 |  7.04761 |     2.1196 |
+---------+----------+------------+
|       6 |  6.99805 |     2.1173 |
+---------+----------+------------+
|       7 |  6.99285 |     2.1118 |
+---------+----------+------------+
|       8 |  7.01787 |     2.1287 |
+---------+----------+------------+
|       9 |  6.98022 |     2.111  |
+---------+----------+------------+
|      10 |  6.99173 |     2.1084 |
+---------+----------+------------+
|      11 |  6.97977 |     2.1117 |
+---------+----------+------------+
|      12 |  6.9648  |     2.1094 |
+---------+----------+------------+
|      13 |  6.97779 |     2.1407 |
+---------+----------+------------+
|      14 |  6.95915 |     2.1044 |
+---------+----------+------------+
|      15 |  6.93514 |     2.1097 |
+---------+----------+------------+
|      16 |  6.92903 |     2.1087 |
+---------+----------+------------+
|      17 |  6.92044 |     2.0952 |
+---------+----------+------------+
|      18 |  6.92614 |     2.0918 |
+---------+----------+------------+
|      19 |  6.8944  |     2.1067 |
+---------+----------+------------+
|      20 |  6.8828  |     2.0913 |
+---------+----------+------------+
|      21 |  6.86916 |     2.1123 |
+---------+----------+------------+
|      22 |  6.85266 |     2.0954 |
+---------+----------+------------+
|      23 |  6.85666 |     2.0986 |
+---------+----------+------------+
|      24 |  6.83471 |     2.0879 |
+---------+----------+------------+
|      25 |  6.80412 |     2.0837 |
+---------+----------+------------+