+---------+----------+------------+
|   Epoch |     Loss |   Accuracy |
+=========+==========+============+
|       1 | 10.7517  |     2.1331 |
+---------+----------+------------+
|       2 |  6.96013 |     2.2367 |
+---------+----------+------------+
|       3 |  7.02749 |     2.0809 |
+---------+----------+------------+
|       4 |  6.86229 |     2.1183 |
+---------+----------+------------+
|       5 |  6.63987 |     2.0125 |
+---------+----------+------------+
|       6 |  6.30484 |     1.9675 |
+---------+----------+------------+
|       7 |  6.18952 |     2.0827 |
+---------+----------+------------+
|       8 |  5.82694 |     1.8755 |
+---------+----------+------------+
|       9 |  4.95584 |     1.6434 |
+---------+----------+------------+
|      10 |  4.19042 |     1.4249 |
+---------+----------+------------+
|      11 |  3.26831 |     1.2532 |
+---------+----------+------------+
|      12 |  3.13549 |     1.2394 |
+---------+----------+------------+
|      13 |  2.65182 |     1.1346 |
+---------+----------+------------+
|      14 |  2.41967 |     1.1008 |
+---------+----------+------------+
|      15 |  2.26625 |     1.0509 |
+---------+----------+------------+
|      16 |  2.06747 |     1.1473 |
+---------+----------+------------+
|      17 |  2.09412 |     0.9945 |
+---------+----------+------------+
|      18 |  1.89416 |     0.9566 |
+---------+----------+------------+
|      19 |  1.70401 |     1.0815 |
+---------+----------+------------+
|      20 |  1.63335 |     0.8592 |
+---------+----------+------------+
|      21 |  1.50298 |     0.9405 |
+---------+----------+------------+
|      22 |  1.53136 |     1.1099 |
+---------+----------+------------+
|      23 |  1.48201 |     0.7787 |
+---------+----------+------------+
|      24 |  1.30239 |     0.7513 |
+---------+----------+------------+
|      25 |  1.16029 |     0.766  |
+---------+----------+------------+