+---------+----------+------------+
|   Epoch |     Loss |   Accuracy |
+=========+==========+============+
|       1 | 22.586   |     2.1217 |
+---------+----------+------------+
|       2 |  8.18127 |     2.1352 |
+---------+----------+------------+
|       3 |  7.34249 |     2.1596 |
+---------+----------+------------+
|       4 |  7.02177 |     2.1209 |
+---------+----------+------------+
|       5 |  7.05119 |     2.1336 |
+---------+----------+------------+
|       6 |  6.96828 |     2.1232 |
+---------+----------+------------+
|       7 |  6.81841 |     2.0887 |
+---------+----------+------------+
|       8 |  6.98051 |     2.1095 |
+---------+----------+------------+
|       9 |  6.79457 |     2.0769 |
+---------+----------+------------+
|      10 |  6.96688 |     2.1652 |
+---------+----------+------------+
|      11 |  6.72185 |     2.0717 |
+---------+----------+------------+
|      12 |  6.52479 |     2.0561 |
+---------+----------+------------+
|      13 |  6.32422 |     2.0694 |
+---------+----------+------------+
|      14 |  6.27936 |     1.9781 |
+---------+----------+------------+
|      15 |  6.12787 |     1.9343 |
+---------+----------+------------+
|      16 |  5.64809 |     1.886  |
+---------+----------+------------+
|      17 |  5.40385 |     1.8296 |
+---------+----------+------------+
|      18 |  5.35712 |     1.7432 |
+---------+----------+------------+
|      19 |  4.77628 |     1.6867 |
+---------+----------+------------+
|      20 |  4.354   |     1.6338 |
+---------+----------+------------+
|      21 |  3.93452 |     1.4554 |
+---------+----------+------------+
|      22 |  3.56483 |     1.3861 |
+---------+----------+------------+
|      23 |  3.18921 |     1.3874 |
+---------+----------+------------+
|      24 |  2.934   |     1.2726 |
+---------+----------+------------+
|      25 |  2.73364 |     1.2503 |
+---------+----------+------------+