+---------+----------+------------+
|   Epoch |     Loss |   Accuracy |
+=========+==========+============+
|       1 | 20.9234  |     3.0898 |
+---------+----------+------------+
|       2 |  9.08836 |     2.1252 |
+---------+----------+------------+
|       3 |  7.11983 |     2.1271 |
+---------+----------+------------+
|       4 |  5.72524 |     2.0196 |
+---------+----------+------------+
|       5 |  5.92974 |     1.9691 |
+---------+----------+------------+
|       6 |  5.8911  |     2.0719 |
+---------+----------+------------+
|       7 |  5.64915 |     2.0028 |
+---------+----------+------------+
|       8 |  5.54929 |     1.9658 |
+---------+----------+------------+
|       9 |  5.445   |     2.0155 |
+---------+----------+------------+
|      10 |  5.95891 |     2.0644 |
+---------+----------+------------+
|      11 |  5.44513 |     1.9471 |
+---------+----------+------------+
|      12 |  5.49674 |     1.9711 |
+---------+----------+------------+
|      13 |  5.46085 |     2.0384 |
+---------+----------+------------+
|      14 |  5.41038 |     1.942  |
+---------+----------+------------+
|      15 |  5.37242 |     1.9856 |
+---------+----------+------------+
|      16 |  5.28773 |     1.9505 |
+---------+----------+------------+
|      17 |  5.12343 |     1.9313 |
+---------+----------+------------+
|      18 |  4.97213 |     2.0011 |
+---------+----------+------------+
|      19 |  5.38735 |     1.9059 |
+---------+----------+------------+
|      20 |  5.11597 |     1.897  |
+---------+----------+------------+
|      21 |  4.98154 |     1.9645 |
+---------+----------+------------+
|      22 |  4.79448 |     1.8721 |
+---------+----------+------------+
|      23 |  4.89872 |     1.8619 |
+---------+----------+------------+
|      24 |  5.1089  |     1.8957 |
+---------+----------+------------+
|      25 |  4.40239 |     1.8336 |
+---------+----------+------------+