+---------+----------+------------+
|   Epoch |     Loss |   Accuracy |
+=========+==========+============+
|       1 | 15.319   |     2.1282 |
+---------+----------+------------+
|       2 |  7.59505 |     2.2455 |
+---------+----------+------------+
|       3 |  7.03573 |     2.1404 |
+---------+----------+------------+
|       4 |  7.00487 |     2.0934 |
+---------+----------+------------+
|       5 |  6.98178 |     2.091  |
+---------+----------+------------+
|       6 |  6.87506 |     2.0785 |
+---------+----------+------------+
|       7 |  6.7867  |     2.0836 |
+---------+----------+------------+
|       8 |  6.73353 |     2.0654 |
+---------+----------+------------+
|       9 |  6.54738 |     2.0801 |
+---------+----------+------------+
|      10 |  6.38017 |     2.0006 |
+---------+----------+------------+
|      11 |  6.49118 |     2.1183 |
+---------+----------+------------+
|      12 |  5.99994 |     1.8818 |
+---------+----------+------------+
|      13 |  5.68109 |     1.8479 |
+---------+----------+------------+
|      14 |  4.98257 |     1.7108 |
+---------+----------+------------+
|      15 |  4.37402 |     1.5641 |
+---------+----------+------------+
|      16 |  3.86666 |     1.4188 |
+---------+----------+------------+
|      17 |  3.24175 |     1.3143 |
+---------+----------+------------+
|      18 |  3.03854 |     1.2243 |
+---------+----------+------------+
|      19 |  2.81691 |     1.3177 |
+---------+----------+------------+
|      20 |  2.53209 |     1.1382 |
+---------+----------+------------+
|      21 |  2.38068 |     1.0985 |
+---------+----------+------------+
|      22 |  2.31752 |     1.207  |
+---------+----------+------------+
|      23 |  2.19802 |     1.1178 |
+---------+----------+------------+
|      24 |  1.95211 |     1.0564 |
+---------+----------+------------+
|      25 |  2.06726 |     1.1936 |
+---------+----------+------------+