+---------+----------+------------+
|   Epoch |     Loss |   Accuracy |
+=========+==========+============+
|       1 | 18.3196  |     2.0787 |
+---------+----------+------------+
|       2 |  6.0396  |     2.0181 |
+---------+----------+------------+
|       3 |  5.45649 |     2.0185 |
+---------+----------+------------+
|       4 |  5.63091 |     2.0065 |
+---------+----------+------------+
|       5 |  5.40965 |     2.0044 |
+---------+----------+------------+
|       6 |  5.36375 |     2.0035 |
+---------+----------+------------+
|       7 |  5.41497 |     1.9862 |
+---------+----------+------------+
|       8 |  5.37531 |     1.9859 |
+---------+----------+------------+
|       9 |  5.43981 |     1.967  |
+---------+----------+------------+
|      10 |  5.28284 |     1.9583 |
+---------+----------+------------+
|      11 |  5.07627 |     1.9426 |
+---------+----------+------------+
|      12 |  4.98656 |     1.914  |
+---------+----------+------------+
|      13 |  5.18892 |     1.8945 |
+---------+----------+------------+
|      14 |  5.17139 |     1.9245 |
+---------+----------+------------+
|      15 |  4.92946 |     1.8423 |
+---------+----------+------------+
|      16 |  4.63246 |     1.8285 |
+---------+----------+------------+
|      17 |  4.56678 |     1.7866 |
+---------+----------+------------+
|      18 |  4.23946 |     1.7377 |
+---------+----------+------------+
|      19 |  4.21171 |     1.693  |
+---------+----------+------------+
|      20 |  3.96665 |     1.6603 |
+---------+----------+------------+
|      21 |  3.81086 |     1.5981 |
+---------+----------+------------+
|      22 |  3.50554 |     1.5369 |
+---------+----------+------------+
|      23 |  3.40267 |     1.4794 |
+---------+----------+------------+
|      24 |  3.04386 |     1.4082 |
+---------+----------+------------+
|      25 |  2.74257 |     1.302  |
+---------+----------+------------+