+---------+----------+------------+
|   Epoch |     Loss |   Accuracy |
+=========+==========+============+
|       1 | 867.634  |    28.5449 |
+---------+----------+------------+
|       2 | 833      |    27.6215 |
+---------+----------+------------+
|       3 | 755.96   |    25.5966 |
+---------+----------+------------+
|       4 | 618.642  |    22.049  |
+---------+----------+------------+
|       5 | 425.731  |    16.5212 |
+---------+----------+------------+
|       6 | 223.547  |    10.0513 |
+---------+----------+------------+
|       7 |  89.6566 |     5.949  |
+---------+----------+------------+
|       8 |  46.4211 |     5.2994 |
+---------+----------+------------+
|       9 |  43.1822 |     5.3083 |
+---------+----------+------------+
|      10 |  43.198  |     5.3024 |
+---------+----------+------------+
|      11 |  43.1552 |     5.2919 |
+---------+----------+------------+
|      12 |  43.0685 |     5.2923 |
+---------+----------+------------+
|      13 |  43.0062 |     5.2864 |
+---------+----------+------------+
|      14 |  42.9344 |     5.2804 |
+---------+----------+------------+
|      15 |  42.8564 |     5.2789 |
+---------+----------+------------+
|      16 |  42.7919 |     5.2736 |
+---------+----------+------------+
|      17 |  42.7509 |     5.2705 |
+---------+----------+------------+
|      18 |  42.6762 |     5.268  |
+---------+----------+------------+
|      19 |  42.6151 |     5.263  |
+---------+----------+------------+
|      20 |  42.6877 |     5.2566 |
+---------+----------+------------+
|      21 |  42.6137 |     5.2609 |
+---------+----------+------------+
|      22 |  42.4164 |     5.2496 |
+---------+----------+------------+
|      23 |  42.4304 |     5.2495 |
+---------+----------+------------+
|      24 |  42.3218 |     5.2428 |
+---------+----------+------------+
|      25 |  42.3697 |     5.2377 |
+---------+----------+------------+