+---------+-----------+------------+
|   Epoch |      Loss |   Accuracy |
+=========+===========+============+
|       1 | 155.547   |     5.5326 |
+---------+-----------+------------+
|       2 |  44.3434  |     5.7005 |
+---------+-----------+------------+
|       3 |  43.0876  |     5.3777 |
+---------+-----------+------------+
|       4 |  44.5186  |     5.2367 |
+---------+-----------+------------+
|       5 |  41.1727  |     5.0889 |
+---------+-----------+------------+
|       6 |  38.4323  |     4.807  |
+---------+-----------+------------+
|       7 |  29.4223  |     3.5762 |
+---------+-----------+------------+
|       8 |  21.15    |     3.2376 |
+---------+-----------+------------+
|       9 |  19.406   |     3.2712 |
+---------+-----------+------------+
|      10 |  23.4017  |     3.1969 |
+---------+-----------+------------+
|      11 |  19.8165  |     3.3252 |
+---------+-----------+------------+
|      12 |  14.1831  |     2.7785 |
+---------+-----------+------------+
|      13 |  15.4175  |     3.2413 |
+---------+-----------+------------+
|      14 |  13.091   |     2.6406 |
+---------+-----------+------------+
|      15 |  12.281   |     2.8564 |
+---------+-----------+------------+
|      16 |  10.9905  |     2.5883 |
+---------+-----------+------------+
|      17 |   9.80437 |     2.2396 |
+---------+-----------+------------+
|      18 |  10.2129  |     2.2906 |
+---------+-----------+------------+
|      19 |   9.18462 |     2.4385 |
+---------+-----------+------------+
|      20 |   8.96402 |     2.3162 |
+---------+-----------+------------+
|      21 |   7.41505 |     2.0056 |
+---------+-----------+------------+
|      22 |   7.02408 |     1.8505 |
+---------+-----------+------------+
|      23 |   6.23602 |     1.7789 |
+---------+-----------+------------+
|      24 |   7.83733 |     1.7242 |
+---------+-----------+------------+
|      25 |   5.53289 |     1.7213 |
+---------+-----------+------------+