+---------+----------+------------+
|   Epoch |     Loss |   Accuracy |
+=========+==========+============+
|       1 | 371.82   |     6.1709 |
+---------+----------+------------+
|       2 |  47.9117 |     5.4875 |
+---------+----------+------------+
|       3 |  44.0017 |     5.2544 |
+---------+----------+------------+
|       4 |  42.3205 |     5.1615 |
+---------+----------+------------+
|       5 |  40.6732 |     5.1196 |
+---------+----------+------------+
|       6 |  38.9122 |     4.882  |
+---------+----------+------------+
|       7 |  36.43   |     4.6348 |
+---------+----------+------------+
|       8 |  31.1405 |     4.0724 |
+---------+----------+------------+
|       9 |  26.2471 |     3.777  |
+---------+----------+------------+
|      10 |  23.7071 |     3.9355 |
+---------+----------+------------+
|      11 |  22.7214 |     3.8749 |
+---------+----------+------------+
|      12 |  21.592  |     3.4634 |
+---------+----------+------------+
|      13 |  19.6643 |     3.3938 |
+---------+----------+------------+
|      14 |  19.4171 |     3.3951 |
+---------+----------+------------+
|      15 |  18.6516 |     3.4103 |
+---------+----------+------------+
|      16 |  18.374  |     3.2168 |
+---------+----------+------------+
|      17 |  17.7963 |     3.2655 |
+---------+----------+------------+
|      18 |  17.0467 |     3.1174 |
+---------+----------+------------+
|      19 |  16.5566 |     3.1732 |
+---------+----------+------------+
|      20 |  16.2457 |     3.0326 |
+---------+----------+------------+
|      21 |  15.6897 |     3.0236 |
+---------+----------+------------+
|      22 |  15.16   |     3.0709 |
+---------+----------+------------+
|      23 |  14.8162 |     2.9378 |
+---------+----------+------------+
|      24 |  14.9873 |     2.9766 |
+---------+----------+------------+
|      25 |  14.0299 |     2.9624 |
+---------+----------+------------+