+---------+----------+------------+
|   Epoch |     Loss |   Accuracy |
+=========+==========+============+
|       1 | 790.68   |    23.7646 |
+---------+----------+------------+
|       2 | 309.416  |     5.2794 |
+---------+----------+------------+
|       3 |  77.7804 |     5.3796 |
+---------+----------+------------+
|       4 |  50.4721 |     5.5    |
+---------+----------+------------+
|       5 |  43.7393 |     5.4397 |
+---------+----------+------------+
|       6 |  43.1196 |     5.2523 |
+---------+----------+------------+
|       7 |  42.535  |     5.2474 |
+---------+----------+------------+
|       8 |  42.0524 |     5.2301 |
+---------+----------+------------+
|       9 |  42.1655 |     5.2177 |
+---------+----------+------------+
|      10 |  41.8178 |     5.21   |
+---------+----------+------------+
|      11 |  41.5022 |     5.2019 |
+---------+----------+------------+
|      12 |  41.6788 |     5.1907 |
+---------+----------+------------+
|      13 |  41.1328 |     5.197  |
+---------+----------+------------+
|      14 |  41.9779 |     5.1747 |
+---------+----------+------------+
|      15 |  41.706  |     5.1988 |
+---------+----------+------------+
|      16 |  41.6245 |     5.2133 |
+---------+----------+------------+
|      17 |  41.1513 |     5.1468 |
+---------+----------+------------+
|      18 |  41.1804 |     5.1312 |
+---------+----------+------------+
|      19 |  41.1011 |     5.1353 |
+---------+----------+------------+
|      20 |  40.3045 |     5.1117 |
+---------+----------+------------+
|      21 |  39.8746 |     5.1173 |
+---------+----------+------------+
|      22 |  39.778  |     5.0648 |
+---------+----------+------------+
|      23 |  39.5996 |     5.0547 |
+---------+----------+------------+
|      24 |  39.0473 |     5.0489 |
+---------+----------+------------+
|      25 |  38.5611 |     4.965  |
+---------+----------+------------+