+---------+----------+------------+
|   Epoch |     Loss |   Accuracy |
+=========+==========+============+
|       1 | 732.791  |    26.0122 |
+---------+----------+------------+
|       2 | 658.446  |    23.4035 |
+---------+----------+------------+
|       3 | 479.954  |    17.2777 |
+---------+----------+------------+
|       4 | 214.14   |     7.459  |
+---------+----------+------------+
|       5 |  69.9797 |     8.146  |
+---------+----------+------------+
|       6 |  88.7835 |     5.8043 |
+---------+----------+------------+
|       7 |  47.2322 |     6.2601 |
+---------+----------+------------+
|       8 |  53.0733 |     6.1004 |
+---------+----------+------------+
|       9 |  51.7572 |     5.5991 |
+---------+----------+------------+
|      10 |  45.8675 |     5.5622 |
+---------+----------+------------+
|      11 |  46.8065 |     5.5642 |
+---------+----------+------------+
|      12 |  45.3634 |     5.649  |
+---------+----------+------------+
|      13 |  46.1084 |     5.5212 |
+---------+----------+------------+
|      14 |  44.8137 |     5.4774 |
+---------+----------+------------+
|      15 |  45.7751 |     5.4608 |
+---------+----------+------------+
|      16 |  43.1816 |     5.4908 |
+---------+----------+------------+
|      17 |  42.0605 |     5.413  |
+---------+----------+------------+
|      18 |  41.2586 |     5.38   |
+---------+----------+------------+
|      19 |  43.7941 |     5.3624 |
+---------+----------+------------+
|      20 |  41.5293 |     5.3439 |
+---------+----------+------------+
|      21 |  41.2225 |     5.3533 |
+---------+----------+------------+
|      22 |  42.5025 |     5.289  |
+---------+----------+------------+
|      23 |  41.305  |     5.3067 |
+---------+----------+------------+
|      24 |  40.0821 |     5.2688 |
+---------+----------+------------+
|      25 |  41.1105 |     5.23   |
+---------+----------+------------+