+---------+----------+------------+
|   Epoch |     Loss |   Accuracy |
+=========+==========+============+
|       1 | 615.499  |     7.5502 |
+---------+----------+------------+
|       2 |  67.2779 |     5.9836 |
+---------+----------+------------+
|       3 |  45.1789 |     5.2728 |
+---------+----------+------------+
|       4 |  42.9801 |     5.2725 |
+---------+----------+------------+
|       5 |  42.4077 |     5.2766 |
+---------+----------+------------+
|       6 |  42.0378 |     5.2095 |
+---------+----------+------------+
|       7 |  41.6142 |     5.1758 |
+---------+----------+------------+
|       8 |  41.615  |     5.1817 |
+---------+----------+------------+
|       9 |  41.8216 |     5.206  |
+---------+----------+------------+
|      10 |  41.3124 |     5.1096 |
+---------+----------+------------+
|      11 |  40.7804 |     5.0812 |
+---------+----------+------------+
|      12 |  40.3645 |     5.2705 |
+---------+----------+------------+
|      13 |  40.2863 |     5.01   |
+---------+----------+------------+
|      14 |  39.2384 |     5.0621 |
+---------+----------+------------+
|      15 |  38.2476 |     4.8196 |
+---------+----------+------------+
|      16 |  34.4611 |     4.5108 |
+---------+----------+------------+
|      17 |  30.5507 |     4.1576 |
+---------+----------+------------+
|      18 |  26.9002 |     4.021  |
+---------+----------+------------+
|      19 |  26.2761 |     3.795  |
+---------+----------+------------+
|      20 |  25.4091 |     3.7102 |
+---------+----------+------------+
|      21 |  25.021  |     4.2963 |
+---------+----------+------------+
|      22 |  24.1611 |     3.5874 |
+---------+----------+------------+
|      23 |  22.1424 |     3.5487 |
+---------+----------+------------+
|      24 |  21.6546 |     3.549  |
+---------+----------+------------+
|      25 |  21.6965 |     3.4903 |
+---------+----------+------------+