+---------+----------+------------+
|   Epoch |     Loss |   Accuracy |
+=========+==========+============+
|       1 | 747.15   |    24.1028 |
+---------+----------+------------+
|       2 | 365.849  |     7.042  |
+---------+----------+------------+
|       3 |  79.2142 |     5.8314 |
+---------+----------+------------+
|       4 |  49.2195 |     5.8693 |
+---------+----------+------------+
|       5 |  46.32   |     5.3538 |
+---------+----------+------------+
|       6 |  41.2859 |     5.3537 |
+---------+----------+------------+
|       7 |  41.7971 |     5.2227 |
+---------+----------+------------+
|       8 |  39.925  |     5.2323 |
+---------+----------+------------+
|       9 |  39.7917 |     5.1512 |
+---------+----------+------------+
|      10 |  38.527  |     5.1299 |
+---------+----------+------------+
|      11 |  38.1035 |     5.0136 |
+---------+----------+------------+
|      12 |  39.2295 |     5.1797 |
+---------+----------+------------+
|      13 |  36.87   |     4.8946 |
+---------+----------+------------+
|      14 |  37.0697 |     4.8284 |
+---------+----------+------------+
|      15 |  34.1003 |     4.8028 |
+---------+----------+------------+
|      16 |  33.5505 |     4.6824 |
+---------+----------+------------+
|      17 |  32.9572 |     4.7081 |
+---------+----------+------------+
|      18 |  31.4486 |     4.531  |
+---------+----------+------------+
|      19 |  30.0977 |     4.4716 |
+---------+----------+------------+
|      20 |  29.9728 |     4.3405 |
+---------+----------+------------+
|      21 |  29.3655 |     4.4339 |
+---------+----------+------------+
|      22 |  28.7217 |     4.2213 |
+---------+----------+------------+
|      23 |  26.7736 |     4.1626 |
+---------+----------+------------+
|      24 |  26.0316 |     4.1289 |
+---------+----------+------------+
|      25 |  26.9102 |     4.0296 |
+---------+----------+------------+