+---------+----------+------------+
|   Epoch |     Loss |   Accuracy |
+=========+==========+============+
|       1 | 26.0881  |     3.8709 |
+---------+----------+------------+
|       2 | 17.0299  |     2.815  |
+---------+----------+------------+
|       3 |  8.65764 |     2.4159 |
+---------+----------+------------+
|       4 |  7.81526 |     2.4127 |
+---------+----------+------------+
|       5 |  7.68376 |     2.4072 |
+---------+----------+------------+
|       6 |  7.63138 |     2.3968 |
+---------+----------+------------+
|       7 |  7.56694 |     2.3858 |
+---------+----------+------------+
|       8 |  7.49533 |     2.3672 |
+---------+----------+------------+
|       9 |  7.39249 |     2.3429 |
+---------+----------+------------+
|      10 |  7.24849 |     2.3249 |
+---------+----------+------------+
|      11 |  7.09509 |     2.2972 |
+---------+----------+------------+
|      12 |  6.97553 |     2.2609 |
+---------+----------+------------+
|      13 |  6.76263 |     2.2347 |
+---------+----------+------------+
|      14 |  6.5108  |     2.1886 |
+---------+----------+------------+
|      15 |  6.22669 |     2.135  |
+---------+----------+------------+
|      16 |  5.94358 |     2.0763 |
+---------+----------+------------+
|      17 |  5.56899 |     2.0071 |
+---------+----------+------------+
|      18 |  5.25856 |     1.9449 |
+---------+----------+------------+
|      19 |  4.88415 |     1.8496 |
+---------+----------+------------+
|      20 |  4.35696 |     1.7474 |
+---------+----------+------------+
|      21 |  3.85878 |     1.6374 |
+---------+----------+------------+
|      22 |  3.3992  |     1.5256 |
+---------+----------+------------+
|      23 |  2.94541 |     1.4557 |
+---------+----------+------------+
|      24 |  2.66691 |     1.3525 |
+---------+----------+------------+
|      25 |  2.35864 |     1.276  |
+---------+----------+------------+