+---------+-----------+------------+
|   Epoch |      Loss |   Accuracy |
+=========+===========+============+
|       1 | 11.821    |     2.4941 |
+---------+-----------+------------+
|       2 |  7.76912  |     2.3193 |
+---------+-----------+------------+
|       3 |  6.82762  |     1.9004 |
+---------+-----------+------------+
|       4 |  4.04855  |     1.2012 |
+---------+-----------+------------+
|       5 |  1.45151  |     0.9789 |
+---------+-----------+------------+
|       6 |  0.91654  |     0.6281 |
+---------+-----------+------------+
|       7 |  0.812153 |     0.5573 |
+---------+-----------+------------+
|       8 |  0.480928 |     0.4774 |
+---------+-----------+------------+
|       9 |  0.468584 |     0.4478 |
+---------+-----------+------------+
|      10 |  0.289779 |     0.4205 |
+---------+-----------+------------+
|      11 |  0.240185 |     0.5058 |
+---------+-----------+------------+
|      12 |  0.167153 |     0.2488 |
+---------+-----------+------------+
|      13 |  0.143418 |     0.3039 |
+---------+-----------+------------+
|      14 |  0.112745 |     0.2069 |
+---------+-----------+------------+
|      15 |  0.091062 |     0.2115 |
+---------+-----------+------------+
|      16 |  0.074306 |     0.1936 |
+---------+-----------+------------+
|      17 |  0.077941 |     0.2299 |
+---------+-----------+------------+
|      18 |  0.076407 |     0.174  |
+---------+-----------+------------+
|      19 |  0.066806 |     0.1664 |
+---------+-----------+------------+
|      20 |  0.055691 |     0.2164 |
+---------+-----------+------------+
|      21 |  0.089384 |     0.1637 |
+---------+-----------+------------+
|      22 |  0.055705 |     0.1446 |
+---------+-----------+------------+
|      23 |  0.052494 |     0.2503 |
+---------+-----------+------------+
|      24 |  0.055149 |     0.144  |
+---------+-----------+------------+
|      25 |  0.039287 |     0.1477 |
+---------+-----------+------------+