+---------+----------+------------+
|   Epoch |     Loss |   Accuracy |
+=========+==========+============+
|       1 | 9.45479  |     2.2842 |
+---------+----------+------------+
|       2 | 5.92575  |     1.815  |
+---------+----------+------------+
|       3 | 2.81403  |     1.0393 |
+---------+----------+------------+
|       4 | 1.20565  |     0.792  |
+---------+----------+------------+
|       5 | 0.790236 |     0.6091 |
+---------+----------+------------+
|       6 | 0.579107 |     0.5279 |
+---------+----------+------------+
|       7 | 0.429628 |     0.4709 |
+---------+----------+------------+
|       8 | 0.449983 |     0.465  |
+---------+----------+------------+
|       9 | 0.348436 |     0.4047 |
+---------+----------+------------+
|      10 | 0.260841 |     0.3757 |
+---------+----------+------------+
|      11 | 0.265119 |     0.3385 |
+---------+----------+------------+
|      12 | 0.219107 |     0.3217 |
+---------+----------+------------+
|      13 | 0.175191 |     0.294  |
+---------+----------+------------+
|      14 | 0.158988 |     0.2791 |
+---------+----------+------------+
|      15 | 0.13551  |     0.2731 |
+---------+----------+------------+
|      16 | 0.128383 |     0.2405 |
+---------+----------+------------+
|      17 | 0.110473 |     0.2387 |
+---------+----------+------------+
|      18 | 0.116229 |     0.2226 |
+---------+----------+------------+
|      19 | 0.090666 |     0.2998 |
+---------+----------+------------+
|      20 | 0.087259 |     0.2026 |
+---------+----------+------------+
|      21 | 0.089828 |     0.2605 |
+---------+----------+------------+
|      22 | 0.085193 |     0.2283 |
+---------+----------+------------+
|      23 | 0.075767 |     0.2003 |
+---------+----------+------------+
|      24 | 0.077173 |     0.2273 |
+---------+----------+------------+
|      25 | 0.070612 |     0.1744 |
+---------+----------+------------+