+---------+-----------+------------+
|   Epoch |      Loss |   Accuracy |
+=========+===========+============+
|       1 | 18.5039   |     2.4469 |
+---------+-----------+------------+
|       2 |  8.82702  |     2.4413 |
+---------+-----------+------------+
|       3 |  7.89126  |     2.4101 |
+---------+-----------+------------+
|       4 |  7.38369  |     2.3121 |
+---------+-----------+------------+
|       5 |  6.72128  |     2.1237 |
+---------+-----------+------------+
|       6 |  5.42286  |     1.8619 |
+---------+-----------+------------+
|       7 |  3.78996  |     1.4475 |
+---------+-----------+------------+
|       8 |  2.16749  |     1.0187 |
+---------+-----------+------------+
|       9 |  1.2761   |     0.8041 |
+---------+-----------+------------+
|      10 |  0.893415 |     0.7676 |
+---------+-----------+------------+
|      11 |  0.769709 |     0.623  |
+---------+-----------+------------+
|      12 |  0.668374 |     0.5818 |
+---------+-----------+------------+
|      13 |  0.703063 |     0.5735 |
+---------+-----------+------------+
|      14 |  0.559758 |     0.6001 |
+---------+-----------+------------+
|      15 |  0.514515 |     0.5271 |
+---------+-----------+------------+
|      16 |  0.477802 |     0.5331 |
+---------+-----------+------------+
|      17 |  0.467019 |     0.5149 |
+---------+-----------+------------+
|      18 |  0.434873 |     0.4966 |
+---------+-----------+------------+
|      19 |  0.408566 |     0.4798 |
+---------+-----------+------------+
|      20 |  0.418361 |     0.4676 |
+---------+-----------+------------+
|      21 |  0.35598  |     0.4559 |
+---------+-----------+------------+
|      22 |  0.338449 |     0.4382 |
+---------+-----------+------------+
|      23 |  0.341017 |     0.4384 |
+---------+-----------+------------+
|      24 |  0.308862 |     0.4131 |
+---------+-----------+------------+
|      25 |  0.316724 |     0.4079 |
+---------+-----------+------------+