+---------+-----------+------------+
|   Epoch |      Loss |   Accuracy |
+=========+===========+============+
|       1 | 20.5954   |     2.7789 |
+---------+-----------+------------+
|       2 |  8.77155  |     2.6253 |
+---------+-----------+------------+
|       3 |  7.93308  |     2.2816 |
+---------+-----------+------------+
|       4 |  7.50427  |     2.3338 |
+---------+-----------+------------+
|       5 |  6.67994  |     2.2178 |
+---------+-----------+------------+
|       6 |  6.53108  |     2.1778 |
+---------+-----------+------------+
|       7 |  6.04372  |     2.1351 |
+---------+-----------+------------+
|       8 |  6.14125  |     2.0757 |
+---------+-----------+------------+
|       9 |  5.40656  |     2.0037 |
+---------+-----------+------------+
|      10 |  5.16384  |     1.9247 |
+---------+-----------+------------+
|      11 |  4.7477   |     1.8564 |
+---------+-----------+------------+
|      12 |  4.22336  |     1.7468 |
+---------+-----------+------------+
|      13 |  3.7465   |     1.6129 |
+---------+-----------+------------+
|      14 |  3.26695  |     1.499  |
+---------+-----------+------------+
|      15 |  2.78369  |     1.3312 |
+---------+-----------+------------+
|      16 |  2.15174  |     1.2546 |
+---------+-----------+------------+
|      17 |  1.8121   |     1.0677 |
+---------+-----------+------------+
|      18 |  1.54587  |     0.9499 |
+---------+-----------+------------+
|      19 |  1.40238  |     0.8978 |
+---------+-----------+------------+
|      20 |  1.20102  |     0.8192 |
+---------+-----------+------------+
|      21 |  0.995577 |     0.7688 |
+---------+-----------+------------+
|      22 |  0.832598 |     0.7471 |
+---------+-----------+------------+
|      23 |  0.832716 |     0.6888 |
+---------+-----------+------------+
|      24 |  0.693358 |     0.6508 |
+---------+-----------+------------+
|      25 |  0.747022 |     0.7212 |
+---------+-----------+------------+