+---------+-----------+------------+
|   Epoch |      Loss |   Accuracy |
+=========+===========+============+
|       1 | 18.1196   |     2.3433 |
+---------+-----------+------------+
|       2 |  8.09387  |     2.3388 |
+---------+-----------+------------+
|       3 |  6.86707  |     2.1921 |
+---------+-----------+------------+
|       4 |  6.0456   |     1.9985 |
+---------+-----------+------------+
|       5 |  4.60877  |     1.6527 |
+---------+-----------+------------+
|       6 |  3.03546  |     1.2753 |
+---------+-----------+------------+
|       7 |  1.88611  |     1.0098 |
+---------+-----------+------------+
|       8 |  1.27835  |     0.848  |
+---------+-----------+------------+
|       9 |  0.993051 |     0.7611 |
+---------+-----------+------------+
|      10 |  0.876213 |     0.7176 |
+---------+-----------+------------+
|      11 |  0.857507 |     0.6467 |
+---------+-----------+------------+
|      12 |  0.648195 |     0.6122 |
+---------+-----------+------------+
|      13 |  0.57148  |     0.5809 |
+---------+-----------+------------+
|      14 |  0.553499 |     0.5588 |
+---------+-----------+------------+
|      15 |  0.574203 |     0.5427 |
+---------+-----------+------------+
|      16 |  0.500601 |     0.5319 |
+---------+-----------+------------+
|      17 |  0.442936 |     0.5112 |
+---------+-----------+------------+
|      18 |  0.435166 |     0.5007 |
+---------+-----------+------------+
|      19 |  0.440249 |     0.4895 |
+---------+-----------+------------+
|      20 |  0.395371 |     0.4789 |
+---------+-----------+------------+
|      21 |  0.414527 |     0.4963 |
+---------+-----------+------------+
|      22 |  0.408938 |     0.4657 |
+---------+-----------+------------+
|      23 |  0.400975 |     0.5877 |
+---------+-----------+------------+
|      24 |  0.359698 |     0.4466 |
+---------+-----------+------------+
|      25 |  0.322523 |     0.4362 |
+---------+-----------+------------+