+---------+-----------+------------+
|   Epoch |      Loss |   Accuracy |
+=========+===========+============+
|       1 | 12.4852   |     2.5151 |
+---------+-----------+------------+
|       2 |  7.40651  |     2.275  |
+---------+-----------+------------+
|       3 |  6.37844  |     2.0551 |
+---------+-----------+------------+
|       4 |  4.684    |     1.5726 |
+---------+-----------+------------+
|       5 |  2.29991  |     1.0925 |
+---------+-----------+------------+
|       6 |  1.32547  |     0.8416 |
+---------+-----------+------------+
|       7 |  0.948504 |     0.6868 |
+---------+-----------+------------+
|       8 |  0.703619 |     0.6236 |
+---------+-----------+------------+
|       9 |  0.608496 |     0.5707 |
+---------+-----------+------------+
|      10 |  0.549713 |     0.5548 |
+---------+-----------+------------+
|      11 |  0.50338  |     0.5236 |
+---------+-----------+------------+
|      12 |  0.460667 |     0.4979 |
+---------+-----------+------------+
|      13 |  0.432393 |     0.6047 |
+---------+-----------+------------+
|      14 |  0.4077   |     0.4504 |
+---------+-----------+------------+
|      15 |  0.354388 |     0.4958 |
+---------+-----------+------------+
|      16 |  0.308277 |     0.4051 |
+---------+-----------+------------+
|      17 |  0.276795 |     0.3872 |
+---------+-----------+------------+
|      18 |  0.28527  |     0.3809 |
+---------+-----------+------------+
|      19 |  0.246677 |     0.3308 |
+---------+-----------+------------+
|      20 |  0.195902 |     0.3401 |
+---------+-----------+------------+
|      21 |  0.21988  |     0.2953 |
+---------+-----------+------------+
|      22 |  0.195167 |     0.2907 |
+---------+-----------+------------+
|      23 |  0.150814 |     0.2676 |
+---------+-----------+------------+
|      24 |  0.132055 |     0.2551 |
+---------+-----------+------------+
|      25 |  0.127456 |     0.2638 |
+---------+-----------+------------+