+---------+-----------+------------+
|   Epoch |      Loss |   Accuracy |
+=========+===========+============+
|       1 | 16.3806   |     2.3632 |
+---------+-----------+------------+
|       2 |  9.30942  |     2.3717 |
+---------+-----------+------------+
|       3 |  7.46131  |     2.597  |
+---------+-----------+------------+
|       4 |  7.65646  |     2.3672 |
+---------+-----------+------------+
|       5 |  7.95114  |     2.3461 |
+---------+-----------+------------+
|       6 |  6.75897  |     2.4119 |
+---------+-----------+------------+
|       7 |  7.10112  |     2.3159 |
+---------+-----------+------------+
|       8 |  6.9258   |     2.2961 |
+---------+-----------+------------+
|       9 |  7.01092  |     2.2981 |
+---------+-----------+------------+
|      10 |  6.68931  |     2.2274 |
+---------+-----------+------------+
|      11 |  6.17672  |     2.2576 |
+---------+-----------+------------+
|      12 |  6.50302  |     2.2002 |
+---------+-----------+------------+
|      13 |  6.25136  |     2.1335 |
+---------+-----------+------------+
|      14 |  5.6024   |     2.1163 |
+---------+-----------+------------+
|      15 |  5.59335  |     2.0199 |
+---------+-----------+------------+
|      16 |  5.06235  |     1.9224 |
+---------+-----------+------------+
|      17 |  4.51919  |     1.8604 |
+---------+-----------+------------+
|      18 |  3.97177  |     1.6907 |
+---------+-----------+------------+
|      19 |  3.43076  |     1.5322 |
+---------+-----------+------------+
|      20 |  2.80774  |     1.3555 |
+---------+-----------+------------+
|      21 |  2.14773  |     1.2044 |
+---------+-----------+------------+
|      22 |  1.65027  |     1.0706 |
+---------+-----------+------------+
|      23 |  1.45532  |     0.963  |
+---------+-----------+------------+
|      24 |  1.1119   |     0.8821 |
+---------+-----------+------------+
|      25 |  0.963912 |     0.8264 |
+---------+-----------+------------+