+---------+----------+------------+
|   Epoch |     Loss |   Accuracy |
+=========+==========+============+
|       1 | 0.693693 |     0.5013 |
+---------+----------+------------+
|       2 | 0.693249 |     0.5    |
+---------+----------+------------+
|       3 | 0.691227 |     0.5337 |
+---------+----------+------------+
|       4 | 0.690589 |     0.5638 |
+---------+----------+------------+
|       5 | 0.689294 |     0.5838 |
+---------+----------+------------+
|       6 | 0.688942 |     0.5475 |
+---------+----------+------------+
|       7 | 0.688036 |     0.61   |
+---------+----------+------------+
|       8 | 0.68581  |     0.575  |
+---------+----------+------------+
|       9 | 0.684226 |     0.585  |
+---------+----------+------------+
|      10 | 0.682664 |     0.6087 |
+---------+----------+------------+
|      11 | 0.680882 |     0.595  |
+---------+----------+------------+
|      12 | 0.678694 |     0.6075 |
+---------+----------+------------+
|      13 | 0.676446 |     0.605  |
+---------+----------+------------+
|      14 | 0.673626 |     0.6062 |
+---------+----------+------------+
|      15 | 0.671432 |     0.6087 |
+---------+----------+------------+
|      16 | 0.671995 |     0.5925 |
+---------+----------+------------+
|      17 | 0.667944 |     0.6062 |
+---------+----------+------------+
|      18 | 0.664392 |     0.6062 |
+---------+----------+------------+
|      19 | 0.662442 |     0.6125 |
+---------+----------+------------+
|      20 | 0.661458 |     0.6162 |
+---------+----------+------------+
|      21 | 0.658964 |     0.595  |
+---------+----------+------------+
|      22 | 0.662138 |     0.625  |
+---------+----------+------------+
|      23 | 0.656532 |     0.62   |
+---------+----------+------------+
|      24 | 0.654631 |     0.62   |
+---------+----------+------------+
|      25 | 0.651981 |     0.6212 |
+---------+----------+------------+