+---------+----------+------------+
|   Epoch |     Loss |   Accuracy |
+=========+==========+============+
|       1 | 0.708881 |        0.5 |
+---------+----------+------------+
|       2 | 0.69385  |        0.5 |
+---------+----------+------------+
|       3 | 0.693368 |        0.5 |
+---------+----------+------------+
|       4 | 0.693879 |        0.5 |
+---------+----------+------------+
|       5 | 0.693714 |        0.5 |
+---------+----------+------------+
|       6 | 0.693885 |        0.5 |
+---------+----------+------------+
|       7 | 0.693843 |        0.5 |
+---------+----------+------------+
|       8 | 0.693911 |        0.5 |
+---------+----------+------------+
|       9 | 0.693668 |        0.5 |
+---------+----------+------------+
|      10 | 0.693366 |        0.5 |
+---------+----------+------------+
|      11 | 0.693272 |        0.5 |
+---------+----------+------------+
|      12 | 0.693901 |        0.5 |
+---------+----------+------------+
|      13 | 0.693695 |        0.5 |
+---------+----------+------------+
|      14 | 0.694022 |        0.5 |
+---------+----------+------------+
|      15 | 0.693745 |        0.5 |
+---------+----------+------------+
|      16 | 0.693382 |        0.5 |
+---------+----------+------------+
|      17 | 0.693301 |        0.5 |
+---------+----------+------------+
|      18 | 0.693541 |        0.5 |
+---------+----------+------------+
|      19 | 0.693517 |        0.5 |
+---------+----------+------------+
|      20 | 0.693844 |        0.5 |
+---------+----------+------------+
|      21 | 0.693214 |        0.5 |
+---------+----------+------------+
|      22 | 0.693475 |        0.5 |
+---------+----------+------------+
|      23 | 0.694318 |        0.5 |
+---------+----------+------------+
|      24 | 0.693315 |        0.5 |
+---------+----------+------------+
|      25 | 0.694264 |        0.5 |
+---------+----------+------------+