+---------+----------+------------+
|   Epoch |     Loss |   Accuracy |
+=========+==========+============+
|       1 | 0.696812 |     0.5    |
+---------+----------+------------+
|       2 | 0.693604 |     0.5    |
+---------+----------+------------+
|       3 | 0.693055 |     0.5    |
+---------+----------+------------+
|       4 | 0.693894 |     0.5562 |
+---------+----------+------------+
|       5 | 0.689656 |     0.5    |
+---------+----------+------------+
|       6 | 0.682369 |     0.5863 |
+---------+----------+------------+
|       7 | 0.669144 |     0.6288 |
+---------+----------+------------+
|       8 | 0.654663 |     0.6438 |
+---------+----------+------------+
|       9 | 0.632507 |     0.6988 |
+---------+----------+------------+
|      10 | 0.608195 |     0.7163 |
+---------+----------+------------+
|      11 | 0.569258 |     0.7575 |
+---------+----------+------------+
|      12 | 0.518072 |     0.805  |
+---------+----------+------------+
|      13 | 0.455023 |     0.8413 |
+---------+----------+------------+
|      14 | 0.374604 |     0.9075 |
+---------+----------+------------+
|      15 | 0.295721 |     0.9438 |
+---------+----------+------------+
|      16 | 0.209534 |     0.9625 |
+---------+----------+------------+
|      17 | 0.16016  |     0.9775 |
+---------+----------+------------+
|      18 | 0.107819 |     0.9912 |
+---------+----------+------------+
|      19 | 0.068775 |     0.9975 |
+---------+----------+------------+
|      20 | 0.046185 |     0.9975 |
+---------+----------+------------+
|      21 | 0.029159 |     1      |
+---------+----------+------------+
|      22 | 0.0207   |     0.9987 |
+---------+----------+------------+
|      23 | 0.017376 |     1      |
+---------+----------+------------+
|      24 | 0.011666 |     0.9987 |
+---------+----------+------------+
|      25 | 0.010785 |     1      |
+---------+----------+------------+