+---------+----------+------------+
|   Epoch |     Loss |   Accuracy |
+=========+==========+============+
|       1 | 0.692223 |     0.5    |
+---------+----------+------------+
|       2 | 0.692358 |     0.5    |
+---------+----------+------------+
|       3 | 0.690296 |     0.5863 |
+---------+----------+------------+
|       4 | 0.684196 |     0.6137 |
+---------+----------+------------+
|       5 | 0.67688  |     0.6062 |
+---------+----------+------------+
|       6 | 0.663774 |     0.6037 |
+---------+----------+------------+
|       7 | 0.654404 |     0.5938 |
+---------+----------+------------+
|       8 | 0.643334 |     0.6425 |
+---------+----------+------------+
|       9 | 0.633913 |     0.6375 |
+---------+----------+------------+
|      10 | 0.622829 |     0.665  |
+---------+----------+------------+
|      11 | 0.618228 |     0.6725 |
+---------+----------+------------+
|      12 | 0.602013 |     0.6938 |
+---------+----------+------------+
|      13 | 0.586862 |     0.7113 |
+---------+----------+------------+
|      14 | 0.577276 |     0.7362 |
+---------+----------+------------+
|      15 | 0.570482 |     0.73   |
+---------+----------+------------+
|      16 | 0.548891 |     0.7625 |
+---------+----------+------------+
|      17 | 0.536418 |     0.7663 |
+---------+----------+------------+
|      18 | 0.520811 |     0.7738 |
+---------+----------+------------+
|      19 | 0.506554 |     0.785  |
+---------+----------+------------+
|      20 | 0.477249 |     0.815  |
+---------+----------+------------+
|      21 | 0.459992 |     0.8225 |
+---------+----------+------------+
|      22 | 0.455692 |     0.83   |
+---------+----------+------------+
|      23 | 0.419604 |     0.8475 |
+---------+----------+------------+
|      24 | 0.400929 |     0.855  |
+---------+----------+------------+
|      25 | 0.37463  |     0.8763 |
+---------+----------+------------+