+---------+----------+------------+
|   Epoch |     Loss |   Accuracy |
+=========+==========+============+
|       1 | 0.705323 |      0.44  |
+---------+----------+------------+
|       2 | 0.697097 |      0.68  |
+---------+----------+------------+
|       3 | 0.64766  |      0.59  |
+---------+----------+------------+
|       4 | 0.659421 |      0.635 |
+---------+----------+------------+
|       5 | 0.572836 |      0.735 |
+---------+----------+------------+
|       6 | 0.525122 |      0.785 |
+---------+----------+------------+
|       7 | 0.469443 |      0.8   |
+---------+----------+------------+
|       8 | 0.385452 |      0.845 |
+---------+----------+------------+
|       9 | 0.317638 |      0.91  |
+---------+----------+------------+
|      10 | 0.204734 |      0.965 |
+---------+----------+------------+
|      11 | 0.124609 |      0.975 |
+---------+----------+------------+
|      12 | 0.073393 |      0.995 |
+---------+----------+------------+
|      13 | 0.033293 |      0.995 |
+---------+----------+------------+
|      14 | 0.01686  |      1     |
+---------+----------+------------+
|      15 | 0.006376 |      1     |
+---------+----------+------------+
|      16 | 0.004007 |      1     |
+---------+----------+------------+
|      17 | 0.001845 |      1     |
+---------+----------+------------+
|      18 | 0.000965 |      1     |
+---------+----------+------------+
|      19 | 0.000751 |      1     |
+---------+----------+------------+
|      20 | 0.000492 |      1     |
+---------+----------+------------+
|      21 | 0.000703 |      1     |
+---------+----------+------------+
|      22 | 0.00031  |      1     |
+---------+----------+------------+
|      23 | 0.000308 |      1     |
+---------+----------+------------+
|      24 | 0.000245 |      1     |
+---------+----------+------------+
|      25 | 0.000226 |      1     |
+---------+----------+------------+