+---------+----------+------------+
|   Epoch |     Loss |   Accuracy |
+=========+==========+============+
|       1 | 0.696216 |     0.5213 |
+---------+----------+------------+
|       2 | 0.693291 |     0.6712 |
+---------+----------+------------+
|       3 | 0.686059 |     0.6237 |
+---------+----------+------------+
|       4 | 0.67656  |     0.54   |
+---------+----------+------------+
|       5 | 0.660313 |     0.6925 |
+---------+----------+------------+
|       6 | 0.646542 |     0.69   |
+---------+----------+------------+
|       7 | 0.618614 |     0.7188 |
+---------+----------+------------+
|       8 | 0.588797 |     0.7225 |
+---------+----------+------------+
|       9 | 0.571019 |     0.735  |
+---------+----------+------------+
|      10 | 0.55283  |     0.7625 |
+---------+----------+------------+
|      11 | 0.532826 |     0.7575 |
+---------+----------+------------+
|      12 | 0.518471 |     0.7837 |
+---------+----------+------------+
|      13 | 0.496791 |     0.795  |
+---------+----------+------------+
|      14 | 0.48086  |     0.7875 |
+---------+----------+------------+
|      15 | 0.465203 |     0.815  |
+---------+----------+------------+
|      16 | 0.439625 |     0.825  |
+---------+----------+------------+
|      17 | 0.420269 |     0.84   |
+---------+----------+------------+
|      18 | 0.400747 |     0.8512 |
+---------+----------+------------+
|      19 | 0.37289  |     0.8575 |
+---------+----------+------------+
|      20 | 0.348254 |     0.8825 |
+---------+----------+------------+
|      21 | 0.320858 |     0.8975 |
+---------+----------+------------+
|      22 | 0.29175  |     0.9212 |
+---------+----------+------------+
|      23 | 0.267707 |     0.9275 |
+---------+----------+------------+
|      24 | 0.242725 |     0.9425 |
+---------+----------+------------+
|      25 | 0.2162   |     0.9538 |
+---------+----------+------------+