+---------+----------+------------+
|   Epoch |     Loss |   Accuracy |
+=========+==========+============+
|       1 | 0.693467 |     0.61   |
+---------+----------+------------+
|       2 | 0.688528 |     0.6125 |
+---------+----------+------------+
|       3 | 0.679599 |     0.6212 |
+---------+----------+------------+
|       4 | 0.666005 |     0.6187 |
+---------+----------+------------+
|       5 | 0.659094 |     0.64   |
+---------+----------+------------+
|       6 | 0.646954 |     0.625  |
+---------+----------+------------+
|       7 | 0.629252 |     0.63   |
+---------+----------+------------+
|       8 | 0.620227 |     0.6812 |
+---------+----------+------------+
|       9 | 0.600927 |     0.6963 |
+---------+----------+------------+
|      10 | 0.586155 |     0.7287 |
+---------+----------+------------+
|      11 | 0.568346 |     0.7487 |
+---------+----------+------------+
|      12 | 0.540877 |     0.7513 |
+---------+----------+------------+
|      13 | 0.521918 |     0.7362 |
+---------+----------+------------+
|      14 | 0.52321  |     0.7675 |
+---------+----------+------------+
|      15 | 0.484717 |     0.78   |
+---------+----------+------------+
|      16 | 0.448099 |     0.8438 |
+---------+----------+------------+
|      17 | 0.412896 |     0.8438 |
+---------+----------+------------+
|      18 | 0.391205 |     0.8712 |
+---------+----------+------------+
|      19 | 0.358156 |     0.9    |
+---------+----------+------------+
|      20 | 0.321722 |     0.9175 |
+---------+----------+------------+
|      21 | 0.292903 |     0.915  |
+---------+----------+------------+
|      22 | 0.264467 |     0.9438 |
+---------+----------+------------+
|      23 | 0.236868 |     0.94   |
+---------+----------+------------+
|      24 | 0.212182 |     0.9588 |
+---------+----------+------------+
|      25 | 0.185317 |     0.9475 |
+---------+----------+------------+