+---------+----------+------------+
|   Epoch |     Loss |   Accuracy |
+=========+==========+============+
|       1 | 0.702557 |     0.5    |
+---------+----------+------------+
|       2 | 0.693169 |     0.5    |
+---------+----------+------------+
|       3 | 0.693043 |     0.5    |
+---------+----------+------------+
|       4 | 0.692966 |     0.6087 |
+---------+----------+------------+
|       5 | 0.692497 |     0.5    |
+---------+----------+------------+
|       6 | 0.690562 |     0.6075 |
+---------+----------+------------+
|       7 | 0.686949 |     0.5063 |
+---------+----------+------------+
|       8 | 0.674982 |     0.5875 |
+---------+----------+------------+
|       9 | 0.656242 |     0.6313 |
+---------+----------+------------+
|      10 | 0.636853 |     0.6675 |
+---------+----------+------------+
|      11 | 0.620265 |     0.6675 |
+---------+----------+------------+
|      12 | 0.6143   |     0.695  |
+---------+----------+------------+
|      13 | 0.597096 |     0.71   |
+---------+----------+------------+
|      14 | 0.586731 |     0.7025 |
+---------+----------+------------+
|      15 | 0.575833 |     0.7262 |
+---------+----------+------------+
|      16 | 0.562389 |     0.7125 |
+---------+----------+------------+
|      17 | 0.55422  |     0.7337 |
+---------+----------+------------+
|      18 | 0.548624 |     0.7375 |
+---------+----------+------------+
|      19 | 0.53505  |     0.7475 |
+---------+----------+------------+
|      20 | 0.527043 |     0.7613 |
+---------+----------+------------+
|      21 | 0.517459 |     0.7425 |
+---------+----------+------------+
|      22 | 0.531201 |     0.7725 |
+---------+----------+------------+
|      23 | 0.504029 |     0.7725 |
+---------+----------+------------+
|      24 | 0.494435 |     0.7613 |
+---------+----------+------------+
|      25 | 0.49226  |     0.7663 |
+---------+----------+------------+