+---------+----------+------------+
|   Epoch |     Loss |   Accuracy |
+=========+==========+============+
|       1 | 0.734635 |     0.4975 |
+---------+----------+------------+
|       2 | 0.694849 |     0.4975 |
+---------+----------+------------+
|       3 | 0.693254 |     0.4975 |
+---------+----------+------------+
|       4 | 0.692898 |     0.5025 |
+---------+----------+------------+
|       5 | 0.691494 |     0.595  |
+---------+----------+------------+
|       6 | 0.685933 |     0.6075 |
+---------+----------+------------+
|       7 | 0.654173 |     0.5775 |
+---------+----------+------------+
|       8 | 0.665844 |     0.6475 |
+---------+----------+------------+
|       9 | 0.627323 |     0.6675 |
+---------+----------+------------+
|      10 | 0.613842 |     0.68   |
+---------+----------+------------+
|      11 | 0.588166 |     0.6975 |
+---------+----------+------------+
|      12 | 0.548583 |     0.7375 |
+---------+----------+------------+
|      13 | 0.525423 |     0.765  |
+---------+----------+------------+
|      14 | 0.472587 |     0.795  |
+---------+----------+------------+
|      15 | 0.431338 |     0.8275 |
+---------+----------+------------+
|      16 | 0.381364 |     0.8475 |
+---------+----------+------------+
|      17 | 0.337584 |     0.8675 |
+---------+----------+------------+
|      18 | 0.28813  |     0.875  |
+---------+----------+------------+
|      19 | 0.264863 |     0.91   |
+---------+----------+------------+
|      20 | 0.221768 |     0.915  |
+---------+----------+------------+
|      21 | 0.205102 |     0.935  |
+---------+----------+------------+
|      22 | 0.171477 |     0.9425 |
+---------+----------+------------+
|      23 | 0.171603 |     0.9175 |
+---------+----------+------------+
|      24 | 0.178714 |     0.9475 |
+---------+----------+------------+
|      25 | 0.170798 |     0.94   |
+---------+----------+------------+