+---------+----------+------------+
|   Epoch |     Loss |   Accuracy |
+=========+==========+============+
|       1 | 135.557  |     6.8013 |
+---------+----------+------------+
|       2 |  76.7118 |     6.6356 |
+---------+----------+------------+
|       3 |  68.0981 |     5.9862 |
+---------+----------+------------+
|       4 |  52.5673 |     5.2512 |
+---------+----------+------------+
|       5 |  46.6608 |     5.1233 |
+---------+----------+------------+
|       6 |  44.838  |     4.8992 |
+---------+----------+------------+
|       7 |  45.7736 |     4.8789 |
+---------+----------+------------+
|       8 |  46.1322 |     4.656  |
+---------+----------+------------+
|       9 |  41.4036 |     4.5722 |
+---------+----------+------------+
|      10 |  40.2501 |     4.5256 |
+---------+----------+------------+
|      11 |  39.0559 |     4.462  |
+---------+----------+------------+
|      12 |  38.1513 |     4.4124 |
+---------+----------+------------+
|      13 |  37.6673 |     4.9197 |
+---------+----------+------------+
|      14 |  35.6516 |     4.2022 |
+---------+----------+------------+
|      15 |  34.6524 |     4.3065 |
+---------+----------+------------+
|      16 |  32.2567 |     3.9329 |
+---------+----------+------------+
|      17 |  30.4854 |     4.1974 |
+---------+----------+------------+
|      18 |  30.2517 |     3.8791 |
+---------+----------+------------+
|      19 |  31.9023 |     3.7112 |
+---------+----------+------------+
|      20 |  26.4166 |     3.6187 |
+---------+----------+------------+
|      21 |  24.7883 |     4.0456 |
+---------+----------+------------+
|      22 |  26.1696 |     3.693  |
+---------+----------+------------+
|      23 |  22.3863 |     3.2875 |
+---------+----------+------------+
|      24 |  19.7935 |     3.2188 |
+---------+----------+------------+
|      25 |  19.0248 |     3.1329 |
+---------+----------+------------+