+---------+----------+------------+
|   Epoch |     Loss |   Accuracy |
+=========+==========+============+
|       1 | 239.424  |    12.6195 |
+---------+----------+------------+
|       2 | 208.77   |    10.7654 |
+---------+----------+------------+
|       3 | 152.428  |     7.9672 |
+---------+----------+------------+
|       4 |  95.1725 |     6.6408 |
+---------+----------+------------+
|       5 |  75.9834 |     6.8238 |
+---------+----------+------------+
|       6 |  76.017  |     6.745  |
+---------+----------+------------+
|       7 |  75.6186 |     6.7181 |
+---------+----------+------------+
|       8 |  75.3662 |     6.7357 |
+---------+----------+------------+
|       9 |  75.2719 |     6.7228 |
+---------+----------+------------+
|      10 |  75.1509 |     6.7417 |
+---------+----------+------------+
|      11 |  74.9102 |     6.6869 |
+---------+----------+------------+
|      12 |  74.6322 |     6.6957 |
+---------+----------+------------+
|      13 |  74.4699 |     6.685  |
+---------+----------+------------+
|      14 |  74.2474 |     6.7011 |
+---------+----------+------------+
|      15 |  74.1429 |     6.6371 |
+---------+----------+------------+
|      16 |  73.9138 |     6.6768 |
+---------+----------+------------+
|      17 |  73.6459 |     6.6439 |
+---------+----------+------------+
|      18 |  73.2683 |     6.628  |
+---------+----------+------------+
|      19 |  72.9974 |     6.5809 |
+---------+----------+------------+
|      20 |  72.7886 |     6.6046 |
+---------+----------+------------+
|      21 |  72.386  |     6.5619 |
+---------+----------+------------+
|      22 |  72.0163 |     6.5936 |
+---------+----------+------------+
|      23 |  71.7163 |     6.5529 |
+---------+----------+------------+
|      24 |  71.5872 |     6.4971 |
+---------+----------+------------+
|      25 |  71.0625 |     6.487  |
+---------+----------+------------+