+---------+---------+------------+
|   Epoch |    Loss |   Accuracy |
+=========+=========+============+
|       1 | 88.5927 |     6.1254 |
+---------+---------+------------+
|       2 | 59.026  |     5.5908 |
+---------+---------+------------+
|       3 | 51.1556 |     5.5645 |
+---------+---------+------------+
|       4 | 49.4498 |     4.9387 |
+---------+---------+------------+
|       5 | 49.4006 |     4.9681 |
+---------+---------+------------+
|       6 | 46.0272 |     4.7394 |
+---------+---------+------------+
|       7 | 48.8005 |     4.7652 |
+---------+---------+------------+
|       8 | 47.5969 |     4.9675 |
+---------+---------+------------+
|       9 | 44.1433 |     4.4245 |
+---------+---------+------------+
|      10 | 40.0246 |     4.4365 |
+---------+---------+------------+
|      11 | 38.4937 |     4.574  |
+---------+---------+------------+
|      12 | 36.9891 |     4.8642 |
+---------+---------+------------+
|      13 | 33.9259 |     3.8414 |
+---------+---------+------------+
|      14 | 32.0122 |     3.8627 |
+---------+---------+------------+
|      15 | 29.0321 |     4.7068 |
+---------+---------+------------+
|      16 | 27.5772 |     4.1513 |
+---------+---------+------------+
|      17 | 24.7475 |     3.5584 |
+---------+---------+------------+
|      18 | 21.9718 |     3.6065 |
+---------+---------+------------+
|      19 | 18.9307 |     3.3471 |
+---------+---------+------------+
|      20 | 19.1585 |     2.9955 |
+---------+---------+------------+
|      21 | 17.1782 |     2.9409 |
+---------+---------+------------+
|      22 | 18.7502 |     3.1367 |
+---------+---------+------------+
|      23 | 17.2163 |     2.7649 |
+---------+---------+------------+
|      24 | 14.6673 |     2.6746 |
+---------+---------+------------+
|      25 | 13.8302 |     2.5704 |
+---------+---------+------------+