+---------+----------+------------+
|   Epoch |     Loss |   Accuracy |
+=========+==========+============+
|       1 | 135.019  |     6.8161 |
+---------+----------+------------+
|       2 |  80.1196 |     6.516  |
+---------+----------+------------+
|       3 |  70.5426 |     6.758  |
+---------+----------+------------+
|       4 |  63.592  |     6.1731 |
+---------+----------+------------+
|       5 |  55.8595 |     5.6012 |
+---------+----------+------------+
|       6 |  51.7322 |     5.4025 |
+---------+----------+------------+
|       7 |  49.835  |     5.1986 |
+---------+----------+------------+
|       8 |  46.2335 |     5.0123 |
+---------+----------+------------+
|       9 |  45.3792 |     4.8786 |
+---------+----------+------------+
|      10 |  44.2389 |     4.9112 |
+---------+----------+------------+
|      11 |  45.7012 |     4.7657 |
+---------+----------+------------+
|      12 |  45.7305 |     5.628  |
+---------+----------+------------+
|      13 |  46.3011 |     4.737  |
+---------+----------+------------+
|      14 |  42.154  |     5.1359 |
+---------+----------+------------+
|      15 |  41.2215 |     5.0785 |
+---------+----------+------------+
|      16 |  44.5591 |     4.8649 |
+---------+----------+------------+
|      17 |  39.7724 |     4.6798 |
+---------+----------+------------+
|      18 |  38.6994 |     4.5399 |
+---------+----------+------------+
|      19 |  38.8777 |     4.4524 |
+---------+----------+------------+
|      20 |  42.2876 |     4.5851 |
+---------+----------+------------+
|      21 |  41.3264 |     5.5718 |
+---------+----------+------------+
|      22 |  40.8627 |     4.3681 |
+---------+----------+------------+
|      23 |  38.8662 |     4.2885 |
+---------+----------+------------+
|      24 |  35.2967 |     4.2473 |
+---------+----------+------------+
|      25 |  34.7107 |     4.2507 |
+---------+----------+------------+