+---------+----------+------------+
|   Epoch |     Loss |   Accuracy |
+=========+==========+============+
|       1 | 183.806  |     7.6999 |
+---------+----------+------------+
|       2 | 124.984  |     7.2305 |
+---------+----------+------------+
|       3 |  92.3036 |     7.1383 |
+---------+----------+------------+
|       4 |  97.2082 |     7.1964 |
+---------+----------+------------+
|       5 |  81.4872 |     6.7071 |
+---------+----------+------------+
|       6 |  89.2012 |     7.0508 |
+---------+----------+------------+
|       7 |  75.3778 |     6.2781 |
+---------+----------+------------+
|       8 |  61.1538 |     6.1304 |
+---------+----------+------------+
|       9 |  65.8682 |     5.7884 |
+---------+----------+------------+
|      10 |  57.2913 |     5.7189 |
+---------+----------+------------+
|      11 |  53.5606 |     5.5341 |
+---------+----------+------------+
|      12 |  47.961  |     6.1378 |
+---------+----------+------------+
|      13 |  59.142  |     5.4564 |
+---------+----------+------------+
|      14 |  53.8674 |     5.631  |
+---------+----------+------------+
|      15 |  51.6166 |     5.2114 |
+---------+----------+------------+
|      16 |  51.9076 |     5.3865 |
+---------+----------+------------+
|      17 |  41.4792 |     4.9697 |
+---------+----------+------------+
|      18 |  47.4067 |     4.7373 |
+---------+----------+------------+
|      19 |  41.4012 |     4.7147 |
+---------+----------+------------+
|      20 |  42.2561 |     5.0404 |
+---------+----------+------------+
|      21 |  45.0116 |     8.3708 |
+---------+----------+------------+
|      22 |  63.4785 |     5.3743 |
+---------+----------+------------+
|      23 |  50.0861 |     4.3478 |
+---------+----------+------------+
|      24 |  37.4819 |     4.2111 |
+---------+----------+------------+
|      25 |  41.164  |     3.9316 |
+---------+----------+------------+