+---------+----------+------------+
|   Epoch |     Loss |   Accuracy |
+=========+==========+============+
|       1 | 159.789  |     8.1592 |
+---------+----------+------------+
|       2 |  80.9475 |     6.7699 |
+---------+----------+------------+
|       3 |  74.9057 |     6.5919 |
+---------+----------+------------+
|       4 |  73.4598 |     6.4973 |
+---------+----------+------------+
|       5 |  71.5365 |     6.5126 |
+---------+----------+------------+
|       6 |  68.9313 |     6.2417 |
+---------+----------+------------+
|       7 |  64.8449 |     5.9644 |
+---------+----------+------------+
|       8 |  57.6157 |     5.6124 |
+---------+----------+------------+
|       9 |  51.9157 |     5.4155 |
+---------+----------+------------+
|      10 |  48.5257 |     5.3095 |
+---------+----------+------------+
|      11 |  46.9955 |     5.1175 |
+---------+----------+------------+
|      12 |  46.264  |     5.3309 |
+---------+----------+------------+
|      13 |  46.2327 |     5.0067 |
+---------+----------+------------+
|      14 |  44.827  |     5.1353 |
+---------+----------+------------+
|      15 |  43.854  |     5.2777 |
+---------+----------+------------+
|      16 |  44.7002 |     4.8939 |
+---------+----------+------------+
|      17 |  43.5561 |     5.0612 |
+---------+----------+------------+
|      18 |  46.1091 |     4.9477 |
+---------+----------+------------+
|      19 |  43.3546 |     4.8894 |
+---------+----------+------------+
|      20 |  42.7874 |     4.8475 |
+---------+----------+------------+
|      21 |  43.1519 |     4.8416 |
+---------+----------+------------+
|      22 |  42.1851 |     4.908  |
+---------+----------+------------+
|      23 |  42.689  |     4.7892 |
+---------+----------+------------+
|      24 |  41.8558 |     4.7805 |
+---------+----------+------------+
|      25 |  41.0343 |     4.7956 |
+---------+----------+------------+