+---------+----------+------------+
|   Epoch |     Loss |   Accuracy |
+=========+==========+============+
|       1 | 111.84   |     7.3046 |
+---------+----------+------------+
|       2 |  82.9011 |     6.748  |
+---------+----------+------------+
|       3 |  77.1377 |     6.6534 |
+---------+----------+------------+
|       4 |  69.6274 |     6.1993 |
+---------+----------+------------+
|       5 |  74.363  |     5.881  |
+---------+----------+------------+
|       6 |  61.9724 |     5.8115 |
+---------+----------+------------+
|       7 |  60.4995 |     5.6026 |
+---------+----------+------------+
|       8 |  54.6825 |     5.3564 |
+---------+----------+------------+
|       9 |  57.5353 |     5.4844 |
+---------+----------+------------+
|      10 |  52.8361 |     5.3741 |
+---------+----------+------------+
|      11 |  51.6708 |     5.1691 |
+---------+----------+------------+
|      12 |  52.8537 |     5.1949 |
+---------+----------+------------+
|      13 |  51.0147 |     4.9927 |
+---------+----------+------------+
|      14 |  49.8075 |     5.2959 |
+---------+----------+------------+
|      15 |  55.3199 |     6.1962 |
+---------+----------+------------+
|      16 |  58.0625 |     5.4943 |
+---------+----------+------------+
|      17 |  54.6233 |     7.0225 |
+---------+----------+------------+
|      18 |  65.2941 |     5.5085 |
+---------+----------+------------+
|      19 |  50.5416 |     5.4104 |
+---------+----------+------------+
|      20 |  50.9176 |     5.3512 |
+---------+----------+------------+
|      21 |  45.408  |     4.6897 |
+---------+----------+------------+
|      22 |  44.0912 |     4.6571 |
+---------+----------+------------+
|      23 |  40.8283 |     4.5341 |
+---------+----------+------------+
|      24 |  39.2067 |     4.4    |
+---------+----------+------------+
|      25 |  37.7968 |     5.4961 |
+---------+----------+------------+